birch: 0.09769528243356082
birth: 0.07928702377675877
bison: 0.08070401970434157
bitty: 0.1431593187447812
black: 0.1192431741529792
blade: 0.05800446892974264
blame: 0.06166619240655132
bland: 0.08266288502535347
blank: 0.10043299171055517
blare: 0.04077548526139507
blast: 0.060758598491386345
blaze: 0.08040248356805321
bleak: 0.08235313874674044
bleat: 0.05111802546077091
bleed: 0.09433677444033418
bleep: 0.09378314961584931
blend: 0.07941875924224118
bless: 0.09778428784012613
blimp: 0.1297196889475624
blind: 0.10708955119443576
blink: 0.12282615490112843
bliss: 0.11644575474998717
blitz: 0.12601019736995556
bloat: 0.05817538916541105
block: 0.13124080440735367
bloke: 0.07565926043411128
blond: 0.09910966604313123
blood: 0.1563041297948864
bloom: 0.16738409005033378
blown: 0.11994066306228979
bluer: 0.05884712808288512
bluff: 0.2477783634760623
blunt: 0.08720869155521555
blurb: 0.1366358008853892
blurt: 0.07121048285899546
blush: 0.11051541967355355
board: 0.06521297389081444
boast: 0.055390284975906035
bobby: 0.2926757133727358
boney: 0.071093301736725
bongo: 0.1933141452355518
bonus: 0.1002844627721359
booby: 0.2683757446272549
boost: 0.11839435739309322
booth: 0.15385228274610602
booty: 0.14604984862550088
booze: 0.14745210361572803
boozy: 0.26325597451123994
borax: 0.09623014521689237
borne: 0.049615196227066415
bosom: 0.1723400305081425
bossy: 0.14350451791070537
botch: 0.11391665772569728
bough: 0.14597129249098517
boule: 0.05968605535315274
bound: 0.12283585779660305
bowel: 0.08156683102500828
boxer: 0.09209521899155194
brace: 0.046271055982907976
braid: 0.06569177446365845
brain: 0.05405800278958245
brake: 0.05849297239806129
brand: 0.0686601141023189
brash: 0.06415050683634294
brass: 0.08348744454655291
brave: 0.0639751083412247
bravo: 0.08444672503953464
brawl: 0.07933068680639459
brawn: 0.08324468556554353
bread: 0.05991892484454375
break: 0.06753942967499965
breed: 0.09002514356086934
briar: 0.07626195951840052
bribe: 0.08185474578880342
brick: 0.11142637228330589
bride: 0.06116164184187079
brief: 0.07136498281001451
brine: 0.04934015645918953
bring: 0.09767027881829929
brink: 0.10196530281897102
briny: 0.07989420112049783
brisk: 0.08955343356548755
broad: 0.07064099753229244
broil: 0.05810000513133895
broke: 0.06864742570054438
brood: 0.14202501294496872
brook: 0.1567969249285111
broom: 0.1482324403248604
broth: 0.07759722721102398
brown: 0.10592296460775578
brunt: 0.07470352522986067
brush: 0.09259267897877026
brute: 0.054380064281682516
buddy: 0.25987414225004546
budge: 0.11411146201176477
buggy: 0.2754235920305641
bugle: 0.08844991579939264
build: 0.11191263662189962
built: 0.08152428756023493
bulge: 0.0894485676567041
