aptly: 0.07326749669961609
arbor: 0.0871357332450121
ardor: 0.07832251864775223
arena: 0.04448105836198331
argue: 0.04724171871865802
arise: 0.02752730105565637
armor: 0.08242031263848784
aroma: 0.06491255731938853
arose: 0.0285188623355056
array: 0.0952188049578064
arrow: 0.09311495598710634
arson: 0.04188086896892741
artsy: 0.04493280278398463
ascot: 0.055446636407316355
ashen: 0.04810639598076214
aside: 0.043524390187013984
askew: 0.08141718252172656
assay: 0.12793510255680626
asset: 0.05652365780499979
atoll: 0.07020530020665301
atone: 0.0341077301288899
attic: 0.09052055101250647
audio: 0.07935755636309355
audit: 0.06714123777225252
augur: 0.10719833558023781
aunty: 0.06812608166292701
avail: 0.10001427445199633
avert: 0.051412844207884535
avian: 0.09884302301172278
avoid: 0.09458737037538077
await: 0.08320307507148889
awake: 0.09664494399843261
award: 0.10819624106097431
aware: 0.06197481912030191
awash: 0.12076783490150161
awful: 0.11924504009441664
awoke: 0.06975728766752655
axial: 0.10384803772933586
axiom: 0.11041018057648261
axion: 0.0924852007519744
azure: 0.05893482733044424
bacon: 0.07770881050898218
badge: 0.07654670218175202
badly: 0.10501275837457841
bagel: 0.06341980416944615
baggy: 0.18597110589684143
baker: 0.06287047101026734
baler: 0.044009908149032745
balmy: 0.11515676240501192
banal: 0.10107842085376151
banjo: 0.11758472540339321
barge: 0.05452710046695185
baron: 0.056853556251137055
basal: 0.09833455397002365
basic: 0.0713187074623663
basil: 0.06172515615597404
basin: 0.06596345553694798
basis: 0.09363518045986127
baste: 0.04520933530501145
batch: 0.09530725058194049
bathe: 0.05491446990936189
baton: 0.0641594633552426
batty: 0.11758472540339321
bawdy: 0.1473024551124463
bayou: 0.08791625654828823
beach: 0.07201171811222705
beady: 0.07584995964901642
beard: 0.05603067607723131
beast: 0.04661550877225718
beech: 0.10600189393055899
beefy: 0.11693948285433062
befit: 0.083297305114079
began: 0.07513269176046909
begat: 0.06377246710112003
beget: 0.09153767569004846
begin: 0.09028749492697172
begun: 0.1069902831099646
being: 0.0888369120535152
belch: 0.08805284346150796
belie: 0.0692407950776465
belle: 0.12134758290611049
belly: 0.12283063316057825
below: 0.0879248398789004
bench: 0.09279830572517482
beret: 0.06411915902019415
berry: 0.09461965116224827
berth: 0.06527977459427436
beset: 0.07162472185810448
betel: 0.06909394548652091
bevel: 0.1227489049256189
bezel: 0.12978443711544113
bible: 0.09550336102701416
bicep: 0.08053832410469798
biddy: 0.21931585257196703
bigot: 0.09313156286589945
bilge: 0.07528122069888836
billy: 0.15345782272623373
binge: 0.08469713438043747
bingo: 0.12057582952759027
biome: 0.0656880425807836
