aback: 0.1702572666756854
abase: 0.06351776609491111
abate: 0.06224538062872897
abbey: 0.10209759806688468
abbot: 0.11232706221515237
abhor: 0.07107203000433832
abide: 0.05947669672387332
abled: 0.06501555728673455
abode: 0.05876129477676343
abort: 0.054047926705820336
about: 0.07214793183715928
above: 0.07302193880645055
abuse: 0.05539961468309317
abyss: 0.12935788290284508
acorn: 0.0515147246103681
acrid: 0.06104184840158792
actor: 0.046918910849982974
acute: 0.044272632703422604
adage: 0.0784505222303598
adapt: 0.09629172128432749
adept: 0.058045146453078574
admin: 0.09425448642294361
admit: 0.07842943709211686
adobe: 0.059046783816689916
adopt: 0.06804248748653023
adore: 0.038463583820421796
adorn: 0.05615494777696402
adult: 0.06440837994299549
affix: 0.21830787100746843
afire: 0.04285339764611488
afoot: 0.10185558546245026
afoul: 0.0774569084149294
after: 0.0475193708045473
again: 0.09099076825473833
agape: 0.07844343165289758
agate: 0.05942556992848779
agent: 0.05289626765063978
agile: 0.04582024453162537
aging: 0.12912594638217278
aglow: 0.0981905032910542
agony: 0.08404181574761276
agora: 0.06626872355611119
agree: 0.0562747412172469
ahead: 0.07515918812888057
aider: 0.04055082591232874
aisle: 0.0329109152909236
alarm: 0.07972477363797938
album: 0.10975150324907053
alert: 0.030928165919512616
algae: 0.06329422631070723
alibi: 0.10593639938610527
alien: 0.03611100485611259
align: 0.07075556633655053
alike: 0.0477578381202506
alive: 0.052334246089686474
allay: 0.1416757087078822
alley: 0.06921411211509126
allot: 0.0697936735255564
allow: 0.11618396316631603
alloy: 0.09299143066394862
aloft: 0.06190465972225462
alone: 0.03333187167920735
along: 0.06695240449878481
aloof: 0.10522006446827667
aloud: 0.0654059122354445
alpha: 0.10383702867485504
altar: 0.0529320937262384
alter: 0.030234035704789407
amass: 0.14776390242992224
amaze: 0.10860264310604612
amber: 0.0627238080132855
amble: 0.06604704971334474
amend: 0.06708413996426722
amiss: 0.09969351911890245
amity: 0.07326152568701631
among: 0.09480979059472218
ample: 0.06042422178579925
amply: 0.10794676469079018
amuse: 0.05431438314308505
angel: 0.05175468467922134
anger: 0.04837359879460183
angle: 0.05032500034986402
angry: 0.07484720272054261
angst: 0.0670792885165299
anime: 0.04832918938839104
ankle: 0.05340193778018277
annex: 0.10843153627623398
annoy: 0.10438281654530272
annul: 0.0960336615835312
anode: 0.04526792586614669
antic: 0.06288502535347928
anvil: 0.0837455042473492
aorta: 0.04684688551049825
apart: 0.07088823477275166
aphid: 0.0948194934901968
aping: 0.09233965731985502
apnea: 0.060250502637974705
apple: 0.07769724167207012
apply: 0.13738684231395398
apron: 0.056521045486987394
